epoch:14 0.6666  0.8939  0.7372  0.6385  0.7095  0.7000  0.9095  0.7637  0.6671  0.7490  0.0308  0.001000
epoch:15 0.6710  0.9034  0.7467  0.6430  0.7160  0.7053  0.9109  0.7705  0.6699  0.7581  0.0306  0.001000
epoch:16 0.6661  0.8937  0.7364  0.6396  0.7112  0.7019  0.9081  0.7665  0.6672  0.7534  0.0303  0.001000
epoch:17 0.6705  0.9035  0.7400  0.6415  0.7185  0.7051  0.9106  0.7700  0.6699  0.7574  0.0300  0.001000
epoch:18 0.6757  0.9039  0.7477  0.6477  0.7198  0.7105  0.9120  0.7752  0.6774  0.7599  0.0298  0.001000
epoch:19 0.6786  0.9034  0.7462  0.6501  0.7239  0.7131  0.9109  0.7769  0.6784  0.7645  0.0296  0.001000
epoch:20 0.6791  0.9034  0.7483  0.6512  0.7251  0.7140  0.9153  0.7758  0.6794  0.7650  0.0294  0.001000
epoch:21 0.6874  0.9052  0.7617  0.6583  0.7332  0.7198  0.9159  0.7862  0.6855  0.7708  0.0292  0.001000
epoch:22 0.6823  0.9030  0.7576  0.6532  0.7269  0.7153  0.9120  0.7804  0.6806  0.7672  0.0290  0.001000
epoch:23 0.6902  0.9041  0.7699  0.6622  0.7350  0.7238  0.9166  0.7917  0.6896  0.7748  0.0288  0.001000
epoch:24 0.6934  0.9048  0.7613  0.6652  0.7373  0.7264  0.9183  0.7890  0.6921  0.7779  0.0287  0.001000
epoch:25 0.6946  0.9138  0.7709  0.6653  0.7402  0.7271  0.9205  0.7927  0.6924  0.7790  0.0286  0.001000
epoch:26 0.6943  0.9040  0.7700  0.6664  0.7396  0.7284  0.9189  0.7947  0.6954  0.7784  0.0284  0.001000
epoch:27 0.6957  0.9142  0.7711  0.6701  0.7401  0.7287  0.9216  0.7957  0.6964  0.7771  0.0283  0.001000
epoch:28 0.6960  0.9048  0.7701  0.6690  0.7416  0.7286  0.9191  0.7939  0.6949  0.7794  0.0281  0.001000
