epoch:0 0.3798  0.7207  0.3509  0.3580  0.4178  0.4467  0.7588  0.4425  0.4103  0.4982  0.1049  0.001000
epoch:1 0.4694  0.7911  0.4844  0.4398  0.5144  0.5245  0.8103  0.5576  0.4853  0.5802  0.0460  0.001000
epoch:2 0.5188  0.8194  0.5557  0.4915  0.5614  0.5614  0.8322  0.6060  0.5258  0.6130  0.0424  0.001000
epoch:3 0.5449  0.8295  0.5845  0.5134  0.5931  0.5904  0.8487  0.6341  0.5514  0.6464  0.0394  0.001000
epoch:4 0.5590  0.8352  0.6094  0.5228  0.6141  0.6041  0.8525  0.6540  0.5617  0.6647  0.0374  0.001000
epoch:5 0.5925  0.8618  0.6471  0.5636  0.6372  0.6317  0.8745  0.6867  0.5954  0.6842  0.0360  0.001000
epoch:6 0.6050  0.8706  0.6641  0.5753  0.6491  0.6459  0.8824  0.7042  0.6103  0.6982  0.0349  0.001000
epoch:7 0.6196  0.8820  0.6802  0.5940  0.6608  0.6584  0.8914  0.7169  0.6258  0.7069  0.0341  0.001000
epoch:8 0.6185  0.8713  0.6790  0.5898  0.6598  0.6576  0.8862  0.7193  0.6231  0.7081  0.0334  0.001000
epoch:9 0.6267  0.8818  0.7007  0.5987  0.6709  0.6662  0.8912  0.7303  0.6310  0.7181  0.0328  0.001000
epoch:10 0.6463  0.8927  0.7134  0.6165  0.6901  0.6824  0.9024  0.7453  0.6486  0.7321  0.0323  0.001000
epoch:11 0.6497  0.8932  0.7224  0.6175  0.6951  0.6842  0.9014  0.7500  0.6480  0.7376  0.0318  0.001000
