epoch:0 0.0776  0.3190  0.0073  0.0710  0.0913  0.1395  0.4298  0.0538  0.1182  0.1687  0.1487  0.001000
epoch:1 0.2418  0.5365  0.1896  0.2554  0.2391  0.3547  0.6508  0.3367  0.3320  0.3868  0.0589  0.001000
epoch:2 0.4037  0.7209  0.3996  0.3917  0.4277  0.4739  0.7620  0.4923  0.4449  0.5147  0.0490  0.001000
epoch:3 0.4661  0.7815  0.4875  0.4421  0.5057  0.5249  0.8040  0.5609  0.4935  0.5699  0.0446  0.001000
epoch:4 0.4965  0.8039  0.5200  0.4706  0.5365  0.5502  0.8241  0.5861  0.5149  0.6007  0.0418  0.001000
epoch:5 0.5338  0.8194  0.5780  0.5037  0.5798  0.5755  0.8356  0.6203  0.5375  0.6296  0.0400  0.001000
epoch:6 0.5456  0.8285  0.5890  0.5196  0.5855  0.5887  0.8443  0.6381  0.5543  0.6382  0.0387  0.001000
epoch:7 0.5710  0.8395  0.6225  0.5463  0.6128  0.6145  0.8589  0.6691  0.5801  0.6640  0.0377  0.001000
epoch:8 0.5711  0.8410  0.6266  0.5470  0.6113  0.6117  0.8572  0.6670  0.5779  0.6604  0.0369  0.001000
epoch:9 0.5750  0.8482  0.6247  0.5467  0.6196  0.6162  0.8600  0.6659  0.5777  0.6710  0.0363  0.001000
epoch:10 0.5858  0.8496  0.6447  0.5593  0.6257  0.6255  0.8627  0.6828  0.5913  0.6751  0.0357  0.001000
epoch:11 0.5991  0.8625  0.6609  0.5700  0.6448  0.6373  0.8742  0.6949  0.6013  0.6897  0.0352  0.001000
epoch:12 0.5766  0.8360  0.6344  0.5486  0.6177  0.6193  0.8545  0.6762  0.5846  0.6699  0.0347  0.001000
epoch:13 0.6062  0.8615  0.6693  0.5809  0.6487  0.6455  0.8796  0.7054  0.6114  0.6949  0.0343  0.001000
epoch:14 0.6142  0.8624  0.6814  0.5858  0.6553  0.6492  0.8750  0.7111  0.6150  0.6986  0.0340  0.001000
epoch:15 0.6195  0.8635  0.6831  0.5908  0.6646  0.6574  0.8794  0.7199  0.6220  0.7087  0.0336  0.001000
epoch:16 0.6259  0.8715  0.6912  0.6004  0.6690  0.6663  0.8848  0.7284  0.6309  0.7176  0.0333  0.001000
epoch:17 0.6199  0.8726  0.6826  0.5931  0.6625  0.6568  0.8846  0.7184  0.6228  0.7069  0.0332  0.001000
epoch:18 0.6271  0.8731  0.6943  0.5979  0.6721  0.6627  0.8870  0.7242  0.6273  0.7148  0.0329  0.001000
epoch:19 0.6381  0.8821  0.7052  0.6123  0.6795  0.6735  0.8912  0.7368  0.6404  0.7222  0.0326  0.001000
epoch:20 0.6404  0.8836  0.7061  0.6136  0.6828  0.6761  0.8945  0.7398  0.6423  0.7262  0.0324  0.001000
epoch:21 0.6412  0.8822  0.7130  0.6129  0.6846  0.6771  0.8931  0.7401  0.6429  0.7276  0.0322  0.001000
epoch:22 0.6420  0.8822  0.7136  0.6171  0.6818  0.6786  0.8934  0.7420  0.6461  0.7268  0.0320  0.001000
epoch:23 0.6484  0.8838  0.7160  0.6212  0.6921  0.6841  0.8981  0.7483  0.6511  0.7330  0.0319  0.001000
epoch:24 0.6413  0.8731  0.7141  0.6105  0.6868  0.6771  0.8898  0.7439  0.6409  0.7300  0.0316  0.001000
epoch:25 0.6535  0.8839  0.7263  0.6265  0.6927  0.6870  0.8964  0.7509  0.6548  0.7352  0.0316  0.001000
epoch:26 0.6525  0.8831  0.7260  0.6253  0.6953  0.6876  0.8969  0.7530  0.6531  0.7382  0.0314  0.001000
epoch:27 0.6525  0.8826  0.7246  0.6255  0.6963  0.6875  0.8967  0.7503  0.6531  0.7385  0.0312  0.001000
epoch:28 0.6595  0.8943  0.7306  0.6303  0.7034  0.6924  0.9022  0.7590  0.6577  0.7441  0.0311  0.001000
epoch:29 0.6575  0.8935  0.7257  0.6291  0.7009  0.6938  0.9019  0.7580  0.6607  0.7431  0.0310  0.001000
epoch:30 0.6562  0.8829  0.7260  0.6274  0.6984  0.6918  0.8989  0.7543  0.6567  0.7437  0.0309  0.001000
epoch:31 0.6622  0.8935  0.7365  0.6343  0.7065  0.6977  0.9051  0.7629  0.6639  0.7479  0.0307  0.001000
epoch:32 0.6586  0.8938  0.7376  0.6271  0.7029  0.6927  0.9007  0.7612  0.6580  0.7440  0.0306  0.001000
epoch:33 0.6568  0.8835  0.7266  0.6260  0.7048  0.6916  0.8983  0.7533  0.6544  0.7464  0.0305  0.001000
epoch:34 0.6666  0.8942  0.7402  0.6417  0.7119  0.7018  0.9037  0.7687  0.6679  0.7524  0.0304  0.001000
epoch:35 0.6674  0.8950  0.7380  0.6376  0.7106  0.7006  0.9076  0.7620  0.6663  0.7509  0.0303  0.001000
epoch:36 0.6699  0.8942  0.7388  0.6419  0.7118  0.7039  0.9082  0.7664  0.6707  0.7534  0.0302  0.001000
epoch:37 0.6705  0.8944  0.7492  0.6410  0.7163  0.7041  0.9059  0.7724  0.6695  0.7552  0.0302  0.001000
epoch:38 0.6737  0.8950  0.7486  0.6477  0.7156  0.7083  0.9082  0.7760  0.6759  0.7567  0.0300  0.001000
epoch:39 0.6748  0.8944  0.7495  0.6453  0.7180  0.7083  0.9082  0.7753  0.6754  0.7575  0.0300  0.001000
epoch:40 0.6742  0.8943  0.7488  0.6485  0.7141  0.7077  0.9090  0.7728  0.6762  0.7550  0.0299  0.001000
epoch:41 0.6752  0.8945  0.7485  0.6463  0.7164  0.7079  0.9055  0.7728  0.6758  0.7562  0.0298  0.001000
epoch:42 0.6728  0.8940  0.7475  0.6435  0.7178  0.7067  0.9049  0.7731  0.6720  0.7586  0.0297  0.001000
epoch:43 0.6758  0.8942  0.7484  0.6470  0.7206  0.7102  0.9076  0.7763  0.6764  0.7605  0.0296  0.001000
epoch:44 0.6824  0.9042  0.7592  0.6550  0.7266  0.7149  0.9128  0.7813  0.6815  0.7646  0.0296  0.001000
epoch:45 0.6778  0.9034  0.7493  0.6514  0.7190  0.7114  0.9106  0.7755  0.6789  0.7602  0.0295  0.001000
epoch:46 0.6781  0.9046  0.7490  0.6519  0.7203  0.7127  0.9120  0.7772  0.6803  0.7609  0.0295  0.001000
epoch:47 0.6842  0.9048  0.7612  0.6590  0.7249  0.7179  0.9148  0.7848  0.6870  0.7640  0.0294  0.001000
epoch:48 0.6832  0.9044  0.7598  0.6540  0.7262  0.7154  0.9145  0.7826  0.6817  0.7656  0.0293  0.001000
epoch:49 0.6822  0.9034  0.7592  0.6555  0.7225  0.7148  0.9109  0.7816  0.6829  0.7629  0.0293  0.001000
epoch:50 0.6804  0.9037  0.7504  0.6550  0.7237  0.7135  0.9112  0.7787  0.6807  0.7623  0.0291  0.001000
epoch:51 0.6852  0.9047  0.7619  0.6605  0.7310  0.7186  0.9131  0.7870  0.6858  0.7677  0.0291  0.001000
epoch:52 0.6856  0.9046  0.7602  0.6575  0.7274  0.7186  0.9139  0.7837  0.6848  0.7686  0.0290  0.001000
epoch:53 0.6826  0.9040  0.7594  0.6555  0.7298  0.7166  0.9117  0.7840  0.6819  0.7684  0.0290  0.001000
epoch:54 0.6836  0.9045  0.7599  0.6552  0.7289  0.7165  0.9142  0.7807  0.6816  0.7689  0.0290  0.001000
epoch:55 0.6869  0.9047  0.7591  0.6569  0.7305  0.7188  0.9158  0.7805  0.6853  0.7689  0.0289  0.001000
epoch:56 0.6854  0.9041  0.7600  0.6565  0.7282  0.7180  0.9125  0.7831  0.6852  0.7672  0.0289  0.001000
epoch:57 0.6886  0.9048  0.7621  0.6614  0.7340  0.7205  0.9129  0.7873  0.6881  0.7694  0.0288  0.001000
epoch:58 0.6902  0.9047  0.7695  0.6619  0.7334  0.7227  0.9155  0.7901  0.6901  0.7717  0.0287  0.001000
epoch:59 0.6927  0.9053  0.7709  0.6636  0.7358  0.7243  0.9150  0.7920  0.6918  0.7728  0.0287  0.001000
epoch:60 0.6889  0.9048  0.7594  0.6617  0.7337  0.7226  0.9144  0.7872  0.6898  0.7718  0.0286  0.001000
epoch:61 0.6948  0.9054  0.7705  0.6647  0.7391  0.7258  0.9159  0.7919  0.6927  0.7756  0.0286  0.001000
epoch:62 0.6864  0.9039  0.7592  0.6591  0.7321  0.7203  0.9145  0.7857  0.6868  0.7709  0.0286  0.001000
epoch:63 0.6827  0.8945  0.7588  0.6566  0.7246  0.7165  0.9095  0.7829  0.6835  0.7659  0.0285  0.001000
epoch:64 0.6921  0.9051  0.7619  0.6659  0.7355  0.7249  0.9164  0.7889  0.6931  0.7729  0.0284  0.001000
epoch:65 0.6940  0.9050  0.7718  0.6640  0.7382  0.7260  0.9170  0.7953  0.6919  0.7770  0.0284  0.001000
epoch:66 0.6942  0.9050  0.7624  0.6670  0.7359  0.7253  0.9159  0.7881  0.6937  0.7729  0.0283  0.001000
epoch:67 0.6947  0.9141  0.7699  0.6662  0.7352  0.7270  0.9203  0.7919  0.6945  0.7759  0.0283  0.001000
epoch:68 0.6977  0.9048  0.7723  0.6699  0.7376  0.7275  0.9180  0.7909  0.6970  0.7738  0.0283  0.001000
epoch:69 0.6965  0.9140  0.7709  0.6695  0.7386  0.7284  0.9202  0.7925  0.6969  0.7760  0.0282  0.001000
epoch:70 0.6926  0.9045  0.7712  0.6639  0.7358  0.7246  0.9137  0.7909  0.6914  0.7744  0.0281  0.001000
epoch:71 0.6946  0.9048  0.7707  0.6651  0.7366  0.7254  0.9147  0.7909  0.6925  0.7747  0.0281  0.001000
epoch:72 0.6960  0.9052  0.7705  0.6716  0.7374  0.7295  0.9192  0.7927  0.6983  0.7766  0.0281  0.001000
epoch:73 0.6924  0.9044  0.7703  0.6676  0.7341  0.7258  0.9142  0.7905  0.6942  0.7730  0.0281  0.001000
epoch:74 0.6978  0.9145  0.7723  0.6721  0.7394  0.7298  0.9202  0.7958  0.6996  0.7757  0.0280  0.001000
epoch:75 0.6966  0.9141  0.7710  0.6700  0.7408  0.7294  0.9200  0.7946  0.6974  0.7779  0.0280  0.001000
epoch:76 0.6964  0.9041  0.7709  0.6721  0.7388  0.7302  0.9166  0.7939  0.6983  0.7784  0.0279  0.001000
epoch:77 0.6959  0.9052  0.7724  0.6646  0.7412  0.7264  0.9139  0.7942  0.6922  0.7779  0.0279  0.001000
epoch:78 0.6996  0.9144  0.7721  0.6713  0.7427  0.7318  0.9207  0.7979  0.6992  0.7812  0.0279  0.001000
epoch:79 0.6964  0.9054  0.7733  0.6724  0.7418  0.7304  0.9185  0.7985  0.6986  0.7783  0.0279  0.001000
epoch:80 0.6974  0.9149  0.7708  0.6701  0.7404  0.7300  0.9205  0.7942  0.6972  0.7797  0.0279  0.001000
epoch:81 0.6951  0.9049  0.7713  0.6690  0.7365  0.7287  0.9186  0.7953  0.6972  0.7764  0.0278  0.001000
epoch:82 0.6969  0.9056  0.7713  0.6701  0.7448  0.7295  0.9191  0.7947  0.6957  0.7804  0.0278  0.001000
epoch:83 0.7036  0.9149  0.7808  0.6746  0.7484  0.7351  0.9241  0.8009  0.7020  0.7850  0.0277  0.001000
epoch:84 0.7036  0.9149  0.7811  0.6785  0.7447  0.7361  0.9224  0.8032  0.7053  0.7828  0.0277  0.001000
epoch:85 0.6990  0.9059  0.7726  0.6713  0.7439  0.7307  0.9167  0.7919  0.6964  0.7816  0.0276  0.001000
epoch:86 0.6983  0.9051  0.7718  0.6738  0.7407  0.7325  0.9180  0.7983  0.7018  0.7790  0.0277  0.001000
epoch:87 0.7000  0.9053  0.7724  0.6729  0.7454  0.7332  0.9196  0.7996  0.7011  0.7821  0.0275  0.001000
epoch:88 0.7065  0.9153  0.7822  0.6795  0.7460  0.7367  0.9222  0.8046  0.7058  0.7835  0.0276  0.001000
epoch:89 0.6989  0.9055  0.7737  0.6723  0.7448  0.7311  0.9196  0.7997  0.6979  0.7813  0.0275  0.001000
epoch:90 0.7019  0.9148  0.7829  0.6746  0.7456  0.7332  0.9207  0.8015  0.7010  0.7820  0.0275  0.001000
epoch:91 0.7033  0.9153  0.7825  0.6757  0.7437  0.7348  0.9221  0.8016  0.7040  0.7816  0.0275  0.001000
epoch:92 0.7072  0.9155  0.7824  0.6779  0.7494  0.7374  0.9232  0.8026  0.7058  0.7854  0.0275  0.001000
epoch:93 0.7041  0.9149  0.7808  0.6765  0.7477  0.7362  0.9222  0.8009  0.7037  0.7855  0.0274  0.001000
epoch:94 0.7071  0.9159  0.7837  0.6781  0.7510  0.7382  0.9252  0.8023  0.7066  0.7863  0.0274  0.001000
epoch:95 0.7008  0.9055  0.7820  0.6762  0.7429  0.7336  0.9188  0.8018  0.7028  0.7803  0.0274  0.001000
epoch:96 0.7059  0.9146  0.7826  0.6794  0.7450  0.7360  0.9208  0.8026  0.7064  0.7811  0.0274  0.001000
epoch:97 0.7081  0.9147  0.7830  0.6822  0.7496  0.7380  0.9211  0.8043  0.7069  0.7853  0.0273  0.001000
epoch:98 0.7034  0.9056  0.7834  0.6791  0.7455  0.7356  0.9189  0.8046  0.7042  0.7836  0.0274  0.001000
epoch:99 0.7096  0.9153  0.7832  0.6826  0.7502  0.7403  0.9227  0.8078  0.7088  0.7879  0.0273  0.001000
epoch:100 0.7077  0.9152  0.7827  0.6791  0.7501  0.7385  0.9230  0.8037  0.7070  0.7864  0.0273  0.001000
epoch:101 0.7064  0.9152  0.7811  0.6762  0.7517  0.7364  0.9222  0.8031  0.7019  0.7878  0.0273  0.001000
epoch:102 0.7031  0.9135  0.7806  0.6741  0.7452  0.7358  0.9205  0.8023  0.7030  0.7848  0.0272  0.001000
epoch:103 0.7083  0.9149  0.7831  0.6836  0.7489  0.7399  0.9232  0.8068  0.7089  0.7872  0.0272  0.001000
epoch:104 0.7087  0.9151  0.7833  0.6826  0.7512  0.7397  0.9244  0.8068  0.7082  0.7874  0.0272  0.001000
epoch:105 0.7122  0.9157  0.7848  0.6850  0.7531  0.7421  0.9236  0.8065  0.7109  0.7893  0.0271  0.001000
epoch:106 0.7026  0.9149  0.7736  0.6771  0.7456  0.7340  0.9205  0.7983  0.7034  0.7809  0.0271  0.001000
epoch:107 0.7085  0.9148  0.7827  0.6821  0.7499  0.7392  0.9233  0.8029  0.7087  0.7860  0.0271  0.001000
epoch:108 0.7089  0.9145  0.7837  0.6818  0.7507  0.7393  0.9216  0.8048  0.7074  0.7879  0.0270  0.001000
epoch:109 0.7079  0.9147  0.7836  0.6778  0.7537  0.7389  0.9216  0.8053  0.7049  0.7899  0.0271  0.001000
epoch:110 0.7081  0.9140  0.7819  0.6791  0.7492  0.7378  0.9207  0.8020  0.7048  0.7880  0.0271  0.001000
epoch:111 0.7096  0.9149  0.7827  0.6831  0.7500  0.7413  0.9210  0.8059  0.7098  0.7889  0.0270  0.001000
epoch:112 0.7090  0.9148  0.7826  0.6821  0.7536  0.7416  0.9244  0.8057  0.7087  0.7910  0.0270  0.001000
epoch:113 0.7114  0.9151  0.7831  0.6846  0.7558  0.7434  0.9251  0.8089  0.7116  0.7919  0.0270  0.001000
epoch:114 0.7113  0.9146  0.7830  0.6840  0.7550  0.7433  0.9247  0.8097  0.7117  0.7910  0.0269  0.001000
epoch:115 0.7115  0.9154  0.7835  0.6800  0.7560  0.7407  0.9227  0.8062  0.7066  0.7914  0.0269  0.001000
epoch:116 0.7100  0.9153  0.7843  0.6785  0.7565  0.7405  0.9235  0.8051  0.7067  0.7915  0.0269  0.001000
epoch:117 0.7109  0.9150  0.7827  0.6832  0.7528  0.7424  0.9241  0.8098  0.7104  0.7912  0.0269  0.001000
epoch:118 0.7119  0.9151  0.7846  0.6855  0.7532  0.7423  0.9240  0.8090  0.7111  0.7895  0.0269  0.001000
epoch:119 0.7090  0.9149  0.7822  0.6817  0.7554  0.7419  0.9229  0.8068  0.7089  0.7919  0.0268  0.001000
epoch:120 0.7116  0.9159  0.7830  0.6846  0.7565  0.7444  0.9298  0.8057  0.7137  0.7913  0.0268  0.001000
epoch:121 0.7123  0.9144  0.7833  0.6839  0.7520  0.7419  0.9244  0.8062  0.7109  0.7890  0.0268  0.001000
epoch:122 0.7131  0.9149  0.7919  0.6880  0.7506  0.7436  0.9243  0.8108  0.7153  0.7876  0.0268  0.001000
epoch:123 0.7104  0.9146  0.7828  0.6809  0.7556  0.7416  0.9241  0.8051  0.7092  0.7904  0.0268  0.001000
epoch:124 0.7126  0.9146  0.7834  0.6859  0.7556  0.7432  0.9238  0.8086  0.7121  0.7906  0.0267  0.001000
epoch:125 0.7125  0.9154  0.7845  0.6837  0.7553  0.7431  0.9254  0.8073  0.7113  0.7912  0.0267  0.001000
epoch:126 0.7136  0.9155  0.7832  0.6857  0.7603  0.7450  0.9259  0.8094  0.7117  0.7952  0.0267  0.001000
epoch:127 0.7142  0.9156  0.7930  0.6862  0.7547  0.7450  0.9247  0.8103  0.7138  0.7924  0.0267  0.001000
epoch:128 0.7082  0.9145  0.7806  0.6796  0.7500  0.7400  0.9205  0.8024  0.7079  0.7884  0.0267  0.001000
epoch:129 0.7145  0.9151  0.7930  0.6899  0.7583  0.7475  0.9290  0.8138  0.7159  0.7956  0.0266  0.001000
epoch:130 0.7098  0.9147  0.7827  0.6813  0.7546  0.7409  0.9222  0.8024  0.7087  0.7899  0.0267  0.001000
epoch:131 0.7114  0.9150  0.7816  0.6831  0.7586  0.7445  0.9263  0.8082  0.7108  0.7954  0.0267  0.001000
epoch:132 0.7126  0.9156  0.7843  0.6840  0.7592  0.7446  0.9271  0.8094  0.7107  0.7954  0.0265  0.001000
epoch:133 0.7148  0.9155  0.7932  0.6875  0.7582  0.7453  0.9236  0.8106  0.7138  0.7928  0.0266  0.001000
epoch:134 0.7138  0.9157  0.7842  0.6869  0.7587  0.7452  0.9257  0.8100  0.7129  0.7944  0.0266  0.001000
epoch:135 0.7149  0.9154  0.7933  0.6881  0.7599  0.7458  0.9277  0.8109  0.7137  0.7942  0.0265  0.001000
epoch:136 0.6972  0.9035  0.7721  0.6635  0.7484  0.7285  0.9109  0.7917  0.6916  0.7836  0.0266  0.001000
epoch:137 0.7116  0.9155  0.7826  0.6832  0.7581  0.7432  0.9271  0.8067  0.7104  0.7929  0.0265  0.001000
epoch:138 0.7126  0.9140  0.7827  0.6847  0.7581  0.7442  0.9214  0.8078  0.7116  0.7936  0.0265  0.001000
epoch:139 0.7113  0.9150  0.7830  0.6863  0.7548  0.7444  0.9257  0.8067  0.7134  0.7916  0.0265  0.001000
epoch:140 0.7126  0.9154  0.7834  0.6851  0.7588  0.7426  0.9225  0.8079  0.7098  0.7922  0.0265  0.001000
epoch:141 0.7154  0.9147  0.7937  0.6879  0.7588  0.7467  0.9249  0.8152  0.7147  0.7955  0.0265  0.001000
epoch:142 0.7132  0.9150  0.7835  0.6874  0.7554  0.7443  0.9230  0.8095  0.7136  0.7917  0.0265  0.001000
epoch:143 0.7137  0.9148  0.7916  0.6878  0.7555  0.7450  0.9252  0.8103  0.7135  0.7926  0.0264  0.001000
epoch:144 0.7163  0.9148  0.7934  0.6900  0.7599  0.7484  0.9281  0.8142  0.7169  0.7963  0.0264  0.001000
epoch:145 0.7155  0.9142  0.7926  0.6879  0.7594  0.7467  0.9246  0.8117  0.7151  0.7946  0.0264  0.001000
epoch:146 0.7165  0.9155  0.7936  0.6894  0.7597  0.7469  0.9252  0.8133  0.7143  0.7958  0.0264  0.001000
epoch:147 0.7135  0.9148  0.7836  0.6855  0.7597  0.7453  0.9247  0.8094  0.7119  0.7955  0.0263  0.001000
epoch:148 0.7144  0.9155  0.7855  0.6858  0.7563  0.7437  0.9262  0.8084  0.7119  0.7914  0.0264  0.001000
epoch:149 0.7176  0.9149  0.7927  0.6906  0.7606  0.7491  0.9255  0.8138  0.7177  0.7970  0.0264  0.001000
epoch:150 0.7166  0.9150  0.7936  0.6895  0.7594  0.7478  0.9263  0.8125  0.7163  0.7955  0.0263  0.001000
epoch:151 0.7167  0.9148  0.7909  0.6894  0.7607  0.7485  0.9270  0.8114  0.7169  0.7966  0.0264  0.001000
epoch:152 0.7157  0.9150  0.7915  0.6870  0.7615  0.7479  0.9263  0.8125  0.7144  0.7981  0.0263  0.001000
epoch:153 0.7123  0.9148  0.7837  0.6835  0.7560  0.7440  0.9224  0.8095  0.7110  0.7936  0.0263  0.001000
epoch:154 0.7211  0.9158  0.7957  0.6945  0.7658  0.7520  0.9277  0.8177  0.7205  0.7998  0.0262  0.001000
epoch:155 0.7201  0.9254  0.7936  0.6947  0.7614  0.7510  0.9301  0.8158  0.7211  0.7961  0.0262  0.001000
epoch:156 0.7218  0.9157  0.7946  0.6948  0.7635  0.7521  0.9292  0.8168  0.7216  0.7986  0.0262  0.001000
epoch:157 0.7164  0.9150  0.7918  0.6894  0.7600  0.7490  0.9266  0.8147  0.7171  0.7972  0.0262  0.001000
epoch:158 0.7207  0.9153  0.8035  0.6917  0.7626  0.7509  0.9270  0.8215  0.7190  0.7991  0.0262  0.001000
epoch:159 0.7181  0.9156  0.7935  0.6905  0.7640  0.7501  0.9268  0.8144  0.7174  0.7996  0.0262  0.001000
epoch:160 0.7178  0.9156  0.7943  0.6931  0.7608  0.7501  0.9273  0.8164  0.7197  0.7967  0.0262  0.001000
epoch:161 0.7182  0.9151  0.7926  0.6921  0.7628  0.7503  0.9290  0.8161  0.7190  0.7981  0.0262  0.001000
epoch:162 0.7198  0.9149  0.7931  0.6934  0.7639  0.7520  0.9274  0.8193  0.7204  0.7999  0.0261  0.001000
epoch:163 0.7169  0.9146  0.7927  0.6858  0.7614  0.7459  0.9235  0.8101  0.7120  0.7968  0.0261  0.001000
epoch:164 0.7181  0.9150  0.7930  0.6912  0.7637  0.7510  0.9276  0.8163  0.7185  0.8003  0.0261  0.001000
epoch:165 0.7202  0.9157  0.7923  0.6920  0.7645  0.7516  0.9295  0.8133  0.7192  0.8006  0.0262  0.001000
epoch:166 0.7195  0.9154  0.7936  0.6916  0.7650  0.7507  0.9282  0.8177  0.7186  0.7996  0.0261  0.001000
epoch:167 0.7181  0.9152  0.7937  0.6926  0.7607  0.7498  0.9266  0.8155  0.7187  0.7970  0.0261  0.001000
epoch:168 0.7222  0.9251  0.7935  0.6940  0.7650  0.7528  0.9310  0.8169  0.7200  0.8022  0.0261  0.001000
epoch:169 0.7185  0.9151  0.7935  0.6930  0.7621  0.7506  0.9271  0.8175  0.7182  0.7997  0.0261  0.001000
epoch:170 0.7284  0.9155  0.8046  0.7021  0.7732  0.7597  0.9299  0.8254  0.7276  0.8087  0.0253  0.000100
epoch:171 0.7340  0.9251  0.8141  0.7058  0.7770  0.7631  0.9315  0.8309  0.7307  0.8124  0.0250  0.000100
epoch:172 0.7319  0.9252  0.8047  0.7043  0.7756  0.7631  0.9328  0.8293  0.7312  0.8118  0.0249  0.000100
epoch:173 0.7352  0.9252  0.8141  0.7072  0.7755  0.7642  0.9328  0.8308  0.7329  0.8120  0.0248  0.000100
epoch:174 0.7356  0.9254  0.8134  0.7071  0.7787  0.7652  0.9361  0.8303  0.7342  0.8127  0.0248  0.000100
epoch:175 0.7344  0.9252  0.8138  0.7055  0.7780  0.7647  0.9329  0.8338  0.7334  0.8126  0.0247  0.000100
epoch:176 0.7352  0.9249  0.8141  0.7071  0.7786  0.7650  0.9329  0.8322  0.7336  0.8132  0.0247  0.000100
epoch:177 0.7360  0.9255  0.8145  0.7079  0.7786  0.7651  0.9332  0.8330  0.7340  0.8129  0.0247  0.000100
epoch:178 0.7366  0.9252  0.8143  0.7100  0.7797  0.7661  0.9331  0.8344  0.7357  0.8129  0.0246  0.000100
epoch:179 0.7353  0.9251  0.8146  0.7080  0.7802  0.7655  0.9321  0.8330  0.7341  0.8136  0.0246  0.000100
epoch:180 0.7378  0.9254  0.8144  0.7096  0.7789  0.7665  0.9334  0.8336  0.7355  0.8139  0.0246  0.000100
epoch:181 0.7370  0.9248  0.8139  0.7084  0.7802  0.7665  0.9332  0.8336  0.7353  0.8142  0.0245  0.000100
epoch:182 0.7395  0.9252  0.8150  0.7092  0.7813  0.7674  0.9336  0.8350  0.7364  0.8148  0.0246  0.000100
epoch:183 0.7388  0.9255  0.8146  0.7097  0.7804  0.7670  0.9350  0.8334  0.7358  0.8147  0.0245  0.000100
epoch:184 0.7378  0.9255  0.8140  0.7079  0.7827  0.7675  0.9337  0.8339  0.7356  0.8161  0.0245  0.000100
epoch:185 0.7361  0.9251  0.8143  0.7078  0.7807  0.7667  0.9321  0.8319  0.7349  0.8152  0.0245  0.000100
epoch:186 0.7389  0.9256  0.8147  0.7092  0.7834  0.7677  0.9348  0.8330  0.7355  0.8168  0.0244  0.000100
epoch:187 0.7374  0.9252  0.8151  0.7094  0.7818  0.7671  0.9334  0.8341  0.7354  0.8155  0.0244  0.000100
epoch:188 0.7369  0.9249  0.8141  0.7087  0.7819  0.7677  0.9339  0.8352  0.7354  0.8169  0.0245  0.000100
epoch:189 0.7381  0.9251  0.8148  0.7093  0.7827  0.7680  0.9342  0.8358  0.7363  0.8163  0.0244  0.000100
epoch:190 0.7372  0.9252  0.8144  0.7083  0.7799  0.7670  0.9342  0.8334  0.7354  0.8154  0.0244  0.000100
epoch:191 0.7388  0.9250  0.8145  0.7095  0.7816  0.7678  0.9339  0.8352  0.7360  0.8164  0.0244  0.000100
epoch:192 0.7380  0.9251  0.8151  0.7104  0.7820  0.7685  0.9351  0.8366  0.7369  0.8167  0.0244  0.000100
epoch:193 0.7371  0.9255  0.8154  0.7090  0.7821  0.7676  0.9344  0.8353  0.7356  0.8164  0.0244  0.000100
epoch:194 0.7404  0.9254  0.8154  0.7137  0.7840  0.7698  0.9358  0.8358  0.7388  0.8175  0.0243  0.000100
epoch:195 0.7389  0.9249  0.8138  0.7098  0.7821  0.7677  0.9347  0.8325  0.7358  0.8164  0.0243  0.000100
epoch:196 0.7406  0.9254  0.8147  0.7132  0.7846  0.7696  0.9372  0.8336  0.7385  0.8171  0.0243  0.000100
epoch:197 0.7408  0.9253  0.8155  0.7111  0.7829  0.7695  0.9350  0.8380  0.7388  0.8166  0.0243  0.000100
epoch:198 0.7390  0.9253  0.8151  0.7105  0.7811  0.7685  0.9345  0.8367  0.7375  0.8160  0.0243  0.000100
epoch:199 0.7378  0.9254  0.8147  0.7088  0.7817  0.7680  0.9353  0.8355  0.7368  0.8158  0.0243  0.000100
epoch:200 0.7383  0.9253  0.8147  0.7090  0.7831  0.7678  0.9348  0.8356  0.7361  0.8161  0.0242  0.000010
epoch:201 0.7389  0.9253  0.8148  0.7098  0.7833  0.7687  0.9355  0.8364  0.7367  0.8174  0.0242  0.000010
epoch:202 0.7392  0.9254  0.8149  0.7101  0.7831  0.7680  0.9356  0.8349  0.7360  0.8169  0.0242  0.000010
epoch:203 0.7410  0.9254  0.8149  0.7131  0.7835  0.7692  0.9347  0.8363  0.7379  0.8172  0.0242  0.000010
epoch:204 0.7406  0.9253  0.8144  0.7101  0.7833  0.7687  0.9350  0.8350  0.7369  0.8172  0.0242  0.000010
epoch:205 0.7407  0.9253  0.8147  0.7101  0.7826  0.7690  0.9348  0.8349  0.7373  0.8174  0.0242  0.000010
epoch:206 0.7398  0.9253  0.8148  0.7100  0.7835  0.7683  0.9347  0.8358  0.7367  0.8168  0.0242  0.000010
epoch:207 0.7398  0.9255  0.8150  0.7115  0.7831  0.7686  0.9351  0.8358  0.7374  0.8162  0.0242  0.000010
epoch:208 0.7409  0.9256  0.8144  0.7100  0.7840  0.7692  0.9362  0.8341  0.7374  0.8178  0.0242  0.000010
epoch:209 0.7409  0.9254  0.8147  0.7111  0.7836  0.7695  0.9356  0.8358  0.7379  0.8178  0.0242  0.000010
